{
 "cells": [
  {
   "cell_type": "code",
   "execution_count": 6,
   "metadata": {},
   "outputs": [],
   "source": [
    "import numpy as np\n",
    "import pandas as pd\n",
    "from lifelines import KaplanMeierFitter\n",
    "from lifelines import CoxPHFitter\n",
    "import matplotlib.pyplot as plt\n",
    "import plotly.express as px"
   ]
  },
  {
   "cell_type": "code",
   "execution_count": 38,
   "metadata": {},
   "outputs": [],
   "source": [
    "data = pd.read_hdf(\"training.h5\")\n",
    "data.drop(['fc_reversals','fee_reversals', 'snapshot', 'principal_amt_chrg_off', 'fee_chg_off_reversal_amt', 'nbr_mths_due', 'recovery_amt'], axis = 1, inplace = True)"
   ]
  },
  {
   "cell_type": "code",
   "execution_count": 36,
   "metadata": {},
   "outputs": [
    {
     "data": {
      "text/plain": [
       "Index(['financial_active', 'promotion_flag', 'active_12_mths',\n",
       "       'bank_fico_buckets_20', 'mob', 'stmt_balance', 'prev_balance',\n",
       "       'net_payments', 'purchase_active', 'credit_limit_amt',\n",
       "       'credit_limit_pa', 'charge_off', 'principal_amt',\n",
       "       'non_principal_amount_gross', 'non_principal_amount_net',\n",
       "       'non_principal_amount_stmt', 'promo_bal_amt', 'recovery_amt',\n",
       "       'industry', 'time', 'net_payment_behaviour_tripd'],\n",
       "      dtype='object')"
      ]
     },
     "execution_count": 36,
     "metadata": {},
     "output_type": "execute_result"
    }
   ],
   "source": [
    "data.columns"
   ]
  },
  {
   "cell_type": "code",
   "execution_count": 39,
   "metadata": {},
   "outputs": [
    {
     "data": {
      "application/vnd.plotly.v1+json": {
       "config": {
        "plotlyServerURL": "https://plot.ly"
       },
       "data": [
        {
         "coloraxis": "coloraxis",
         "hovertemplate": "x: %{x}<br>y: %{y}<br>color: %{z}<extra></extra>",
         "name": "0",
         "texttemplate": "%{z}",
         "type": "heatmap",
         "x": [
          "financial_active",
          "promotion_flag",
          "active_12_mths",
          "bank_fico_buckets_20",
          "mob",
          "stmt_balance",
          "prev_balance",
          "net_payments",
          "purchase_active",
          "credit_limit_amt",
          "credit_limit_pa",
          "charge_off",
          "principal_amt",
          "non_principal_amount_gross",
          "non_principal_amount_net",
          "non_principal_amount_stmt",
          "promo_bal_amt",
          "industry",
          "time",
          "net_payment_behaviour_tripd"
         ],
         "xaxis": "x",
         "y": [
          "financial_active",
          "promotion_flag",
          "active_12_mths",
          "bank_fico_buckets_20",
          "mob",
          "stmt_balance",
          "prev_balance",
          "net_payments",
          "purchase_active",
          "credit_limit_amt",
          "credit_limit_pa",
          "charge_off",
          "principal_amt",
          "non_principal_amount_gross",
          "non_principal_amount_net",
          "non_principal_amount_stmt",
          "promo_bal_amt",
          "industry",
          "time",
          "net_payment_behaviour_tripd"
         ],
         "yaxis": "y",
         "z": [
          [
           1,
           0.002916369788054198,
           0.009092613438410245,
           0.002315406029033748,
           0.0004167283611393707,
           -0.0007991618240433762,
           0.0012391707217024783,
           -0.0003012784025384836,
           0.0008391151803183179,
           -0.0020322357661400974,
           0.000997789723383243,
           0.037884615576988676,
           -0.00012106772448260932,
           0.0003918125138079536,
           0.0005836070148319499,
           0.0009512453150125336,
           -0.001744221460611426,
           0.00002942194043494826,
           0.03793346512400564,
           0.001311721180444221
          ],
          [
           0.002916369788054198,
           1,
           0.005211939874418188,
           0.001147255591477591,
           -0.0004752436188632516,
           -0.0007339794971194249,
           0.0007293201339700367,
           0.00020285790145077384,
           0.00022008741492824315,
           -0.001635587600859168,
           0.00009669775781239548,
           0.02243766484037901,
           -0.00042754693532321694,
           0.0004947016433146434,
           0.00044974360082581006,
           -0.00017212719324549415,
           -0.0011955059662673813,
           0.00018173848161147558,
           0.017962752164548127,
           0.0005748367060333051
          ],
          [
           0.009092613438410245,
           0.005211939874418188,
           1,
           0.002133999628469014,
           0.00025105528818754677,
           -0.0006340041658544472,
           0.0012868817470515711,
           -0.00005590314573745512,
           0.002616311040591245,
           -0.003347976615043844,
           0.0018997076303010616,
           0.021349761630195183,
           0.00016689407527230082,
           0.0016411826121549404,
           0.0008496257915030387,
           0.001261472351948793,
           -0.0023829175641619372,
           -0.00025290555410508803,
           0.057054006410874845,
           0.0004208567850527741
          ],
          [
           0.002315406029033748,
           0.001147255591477591,
           0.002133999628469014,
           1,
           -0.0010271894070536909,
           -0.0000910865616666375,
           0.002630677717436799,
           -0.0002487632808458006,
           -0.0010922859391324805,
           -0.0025334826909288034,
           -0.00008647266641215627,
           0.04208134765796827,
           -0.00027636248848533253,
           -0.0006119448006192832,
           -0.00007595112060687696,
           -0.001175709099084726,
           -0.0008783716665011939,
           -0.0002880593613398305,
           0.004027031844380585,
           0.002184778501691243
          ],
          [
           0.0004167283611393707,
           -0.0004752436188632516,
           0.00025105528818754677,
           -0.0010271894070536909,
           1,
           0.001317751597084514,
           -0.0008188515477524582,
           0.00021989832612146626,
           0.00043914719588928865,
           -0.00025453886753156705,
           0.000387677442625905,
           -0.012222717920290773,
           0.0004202182887909663,
           -0.00005299162180476885,
           0.00009289044353403639,
           0.000039219410463929744,
           -0.0003567651863152813,
           0.0002469251825472152,
           0.003931549370785199,
           -0.0006611747994578485
          ],
          [
           -0.0007991618240433762,
           -0.0007339794971194249,
           -0.0006340041658544472,
           -0.0000910865616666375,
           0.001317751597084514,
           1,
           -0.0005318456813684765,
           0.00020572915013399539,
           0.0013327395379702576,
           0.0007725552163183046,
           0.000908126209979985,
           -0.01970630600827828,
           0.0012092645342935853,
           -0.0001328738680594091,
           -0.00029831901934731326,
           0.0003691958670706579,
           0.0005476707746192086,
           0.00021097842487668086,
           0.0009888108055584543,
           -0.0012729035822425729
          ],
          [
           0.0012391707217024783,
           0.0007293201339700367,
           0.0012868817470515711,
           0.002630677717436799,
           -0.0008188515477524582,
           -0.0005318456813684765,
           1,
           -0.00010388129100581073,
           -0.0010545551331717393,
           -0.0028788069399918815,
           -0.0006860576023486918,
           0.046842960808533965,
           -0.0010106289677171807,
           -0.0005698128066447769,
           -0.0004243531303408673,
           -0.0008844357010431153,
           -0.0007917978279450744,
           -0.0011477545701860405,
           0.000280370799993331,
           0.0031892433817154245
          ],
          [
           -0.0003012784025384836,
           0.00020285790145077384,
           -0.00005590314573745512,
           -0.0002487632808458006,
           0.00021989832612146626,
           0.00020572915013399539,
           -0.00010388129100581073,
           1,
           0.000721749825794451,
           0.0010637771874503672,
           0.000471610421090082,
           -0.011094749884219143,
           0.00007538953664047562,
           -0.00047171115936516975,
           0.000294917865124149,
           -0.0005001084761959464,
           -0.0004648464095003474,
           0.00021832117269811365,
           0.0037970936233536127,
           -0.0007450274003852235
          ],
          [
           0.0008391151803183179,
           0.00022008741492824315,
           0.002616311040591245,
           -0.0010922859391324805,
           0.00043914719588928865,
           0.0013327395379702576,
           -0.0010545551331717393,
           0.000721749825794451,
           1,
           0.0007642816046760104,
           0.0003260564880712878,
           -0.02445195142841413,
           0.001040356140731959,
           0.0008713521121365697,
           0.0015807837967368634,
           0.0009057169425260215,
           0.00015026934724827432,
           -0.00000948830814319355,
           0.013005833527068307,
           -0.0020109221667996297
          ],
          [
           -0.0020322357661400974,
           -0.001635587600859168,
           -0.003347976615043844,
           -0.0025334826909288034,
           -0.00025453886753156705,
           0.0007725552163183046,
           -0.0028788069399918815,
           0.0010637771874503672,
           0.0007642816046760104,
           1,
           0.0003397878029085171,
           -0.05649180433267587,
           0.0011019797413869363,
           0.00042483043346480003,
           0.00022346189674183882,
           0.0007802122767949764,
           0.0008921655455501796,
           0.0010342204100376986,
           -0.003500652561215402,
           -0.0029346941888487273
          ],
          [
           0.000997789723383243,
           0.00009669775781239548,
           0.0018997076303010616,
           -0.00008647266641215627,
           0.000387677442625905,
           0.000908126209979985,
           -0.0006860576023486918,
           0.000471610421090082,
           0.0003260564880712878,
           0.0003397878029085171,
           1,
           -0.01781579303519778,
           0.0008674256138101167,
           0.0002653671571062037,
           -0.000027802194317815676,
           -0.00005164887571001778,
           -0.0004964899361666811,
           0.00044114238110707244,
           0.009188138502443153,
           -0.001964512370845111
          ],
          [
           0.037884615576988676,
           0.02243766484037901,
           0.021349761630195183,
           0.04208134765796827,
           -0.012222717920290773,
           -0.01970630600827828,
           0.046842960808533965,
           -0.011094749884219143,
           -0.02445195142841413,
           -0.05649180433267587,
           -0.01781579303519778,
           1,
           -0.018661852537080144,
           -0.011016193871250272,
           -0.011176775975553095,
           -0.010966506472963244,
           -0.015102250562317355,
           -0.012398465366855665,
           0.0029388311554889046,
           0.05757032156102715
          ],
          [
           -0.00012106772448260932,
           -0.00042754693532321694,
           0.00016689407527230082,
           -0.00027636248848533253,
           0.0004202182887909663,
           0.0012092645342935853,
           -0.0010106289677171807,
           0.00007538953664047562,
           0.001040356140731959,
           0.0011019797413869363,
           0.0008674256138101167,
           -0.018661852537080144,
           1,
           0.00022825331015396218,
           0.0003743549387233363,
           0.0007356858717194368,
           -0.000184354756896164,
           0.0001379238288910957,
           -0.0007422924794019076,
           -0.0009711481652728494
          ],
          [
           0.0003918125138079536,
           0.0004947016433146434,
           0.0016411826121549404,
           -0.0006119448006192832,
           -0.00005299162180476885,
           -0.0001328738680594091,
           -0.0005698128066447769,
           -0.00047171115936516975,
           0.0008713521121365697,
           0.00042483043346480003,
           0.0002653671571062037,
           -0.011016193871250272,
           0.00022825331015396218,
           1,
           0.00023318120641834187,
           -0.0005703406419555699,
           -0.0001809810808618531,
           -0.00010363290659663091,
           0.006023980150380585,
           -0.00025990828192526665
          ],
          [
           0.0005836070148319499,
           0.00044974360082581006,
           0.0008496257915030387,
           -0.00007595112060687696,
           0.00009289044353403639,
           -0.00029831901934731326,
           -0.0004243531303408673,
           0.000294917865124149,
           0.0015807837967368634,
           0.00022346189674183882,
           -0.000027802194317815676,
           -0.011176775975553095,
           0.0003743549387233363,
           0.00023318120641834187,
           1,
           0.0006619618679458699,
           -0.0007404578171378601,
           0.000695097638892943,
           0.006176668873342472,
           -0.0004614705754209333
          ],
          [
           0.0009512453150125336,
           -0.00017212719324549415,
           0.001261472351948793,
           -0.001175709099084726,
           0.000039219410463929744,
           0.0003691958670706579,
           -0.0008844357010431153,
           -0.0005001084761959464,
           0.0009057169425260215,
           0.0007802122767949764,
           -0.00005164887571001778,
           -0.010966506472963244,
           0.0007356858717194368,
           -0.0005703406419555699,
           0.0006619618679458699,
           1,
           -0.00035403591030032486,
           0.0008384397034193815,
           0.006378754464716585,
           -0.0017648195612744119
          ],
          [
           -0.001744221460611426,
           -0.0011955059662673813,
           -0.0023829175641619372,
           -0.0008783716665011939,
           -0.0003567651863152813,
           0.0005476707746192086,
           -0.0007917978279450744,
           -0.0004648464095003474,
           0.00015026934724827432,
           0.0008921655455501796,
           -0.0004964899361666811,
           -0.015102250562317355,
           -0.000184354756896164,
           -0.0001809810808618531,
           -0.0007404578171378601,
           -0.00035403591030032486,
           1,
           0.000021269960910471807,
           -0.011701715505949065,
           -0.0006280776222324682
          ],
          [
           0.00002942194043494826,
           0.00018173848161147558,
           -0.00025290555410508803,
           -0.0002880593613398305,
           0.0002469251825472152,
           0.00021097842487668086,
           -0.0011477545701860405,
           0.00021832117269811365,
           -0.00000948830814319355,
           0.0010342204100376986,
           0.00044114238110707244,
           -0.012398465366855665,
           0.0001379238288910957,
           -0.00010363290659663091,
           0.000695097638892943,
           0.0008384397034193815,
           0.000021269960910471807,
           1,
           0.005354854798955737,
           -0.0014063302507589634
          ],
          [
           0.03793346512400564,
           0.017962752164548127,
           0.057054006410874845,
           0.004027031844380585,
           0.003931549370785199,
           0.0009888108055584543,
           0.000280370799993331,
           0.0037970936233536127,
           0.013005833527068307,
           -0.003500652561215402,
           0.009188138502443153,
           0.0029388311554889046,
           -0.0007422924794019076,
           0.006023980150380585,
           0.006176668873342472,
           0.006378754464716585,
           -0.011701715505949065,
           0.005354854798955737,
           1,
           -0.0036067135351918462
          ],
          [
           0.001311721180444221,
           0.0005748367060333051,
           0.0004208567850527741,
           0.002184778501691243,
           -0.0006611747994578485,
           -0.0012729035822425729,
           0.0031892433817154245,
           -0.0007450274003852235,
           -0.0020109221667996297,
           -0.0029346941888487273,
           -0.001964512370845111,
           0.05757032156102715,
           -0.0009711481652728494,
           -0.00025990828192526665,
           -0.0004614705754209333,
           -0.0017648195612744119,
           -0.0006280776222324682,
           -0.0014063302507589634,
           -0.0036067135351918462,
           1
          ]
         ]
        }
       ],
       "layout": {
        "coloraxis": {
         "colorscale": [
          [
           0,
           "#0d0887"
          ],
          [
           0.1111111111111111,
           "#46039f"
          ],
          [
           0.2222222222222222,
           "#7201a8"
          ],
          [
           0.3333333333333333,
           "#9c179e"
          ],
          [
           0.4444444444444444,
           "#bd3786"
          ],
          [
           0.5555555555555556,
           "#d8576b"
          ],
          [
           0.6666666666666666,
           "#ed7953"
          ],
          [
           0.7777777777777778,
           "#fb9f3a"
          ],
          [
           0.8888888888888888,
           "#fdca26"
          ],
          [
           1,
           "#f0f921"
          ]
         ]
        },
        "margin": {
         "t": 60
        },
        "template": {
         "data": {
          "bar": [
           {
            "error_x": {
             "color": "#2a3f5f"
            },
            "error_y": {
             "color": "#2a3f5f"
            },
            "marker": {
             "line": {
              "color": "#E5ECF6",
              "width": 0.5
             },
             "pattern": {
              "fillmode": "overlay",
              "size": 10,
              "solidity": 0.2
             }
            },
            "type": "bar"
           }
          ],
          "barpolar": [
           {
            "marker": {
             "line": {
              "color": "#E5ECF6",
              "width": 0.5
             },
             "pattern": {
              "fillmode": "overlay",
              "size": 10,
              "solidity": 0.2
             }
            },
            "type": "barpolar"
           }
          ],
          "carpet": [
           {
            "aaxis": {
             "endlinecolor": "#2a3f5f",
             "gridcolor": "white",
             "linecolor": "white",
             "minorgridcolor": "white",
             "startlinecolor": "#2a3f5f"
            },
            "baxis": {
             "endlinecolor": "#2a3f5f",
             "gridcolor": "white",
             "linecolor": "white",
             "minorgridcolor": "white",
             "startlinecolor": "#2a3f5f"
            },
            "type": "carpet"
           }
          ],
          "choropleth": [
           {
            "colorbar": {
             "outlinewidth": 0,
             "ticks": ""
            },
            "type": "choropleth"
           }
          ],
          "contour": [
           {
            "colorbar": {
             "outlinewidth": 0,
             "ticks": ""
            },
            "colorscale": [
             [
              0,
              "#0d0887"
             ],
             [
              0.1111111111111111,
              "#46039f"
             ],
             [
              0.2222222222222222,
              "#7201a8"
             ],
             [
              0.3333333333333333,
              "#9c179e"
             ],
             [
              0.4444444444444444,
              "#bd3786"
             ],
             [
              0.5555555555555556,
              "#d8576b"
             ],
             [
              0.6666666666666666,
              "#ed7953"
             ],
             [
              0.7777777777777778,
              "#fb9f3a"
             ],
             [
              0.8888888888888888,
              "#fdca26"
             ],
             [
              1,
              "#f0f921"
             ]
            ],
            "type": "contour"
           }
          ],
          "contourcarpet": [
           {
            "colorbar": {
             "outlinewidth": 0,
             "ticks": ""
            },
            "type": "contourcarpet"
           }
          ],
          "heatmap": [
           {
            "colorbar": {
             "outlinewidth": 0,
             "ticks": ""
            },
            "colorscale": [
             [
              0,
              "#0d0887"
             ],
             [
              0.1111111111111111,
              "#46039f"
             ],
             [
              0.2222222222222222,
              "#7201a8"
             ],
             [
              0.3333333333333333,
              "#9c179e"
             ],
             [
              0.4444444444444444,
              "#bd3786"
             ],
             [
              0.5555555555555556,
              "#d8576b"
             ],
             [
              0.6666666666666666,
              "#ed7953"
             ],
             [
              0.7777777777777778,
              "#fb9f3a"
             ],
             [
              0.8888888888888888,
              "#fdca26"
             ],
             [
              1,
              "#f0f921"
             ]
            ],
            "type": "heatmap"
           }
          ],
          "heatmapgl": [
           {
            "colorbar": {
             "outlinewidth": 0,
             "ticks": ""
            },
            "colorscale": [
             [
              0,
              "#0d0887"
             ],
             [
              0.1111111111111111,
              "#46039f"
             ],
             [
              0.2222222222222222,
              "#7201a8"
             ],
             [
              0.3333333333333333,
              "#9c179e"
             ],
             [
              0.4444444444444444,
              "#bd3786"
             ],
             [
              0.5555555555555556,
              "#d8576b"
             ],
             [
              0.6666666666666666,
              "#ed7953"
             ],
             [
              0.7777777777777778,
              "#fb9f3a"
             ],
             [
              0.8888888888888888,
              "#fdca26"
             ],
             [
              1,
              "#f0f921"
             ]
            ],
            "type": "heatmapgl"
           }
          ],
          "histogram": [
           {
            "marker": {
             "pattern": {
              "fillmode": "overlay",
              "size": 10,
              "solidity": 0.2
             }
            },
            "type": "histogram"
           }
          ],
          "histogram2d": [
           {
            "colorbar": {
             "outlinewidth": 0,
             "ticks": ""
            },
            "colorscale": [
             [
              0,
              "#0d0887"
             ],
             [
              0.1111111111111111,
              "#46039f"
             ],
             [
              0.2222222222222222,
              "#7201a8"
             ],
             [
              0.3333333333333333,
              "#9c179e"
             ],
             [
              0.4444444444444444,
              "#bd3786"
             ],
             [
              0.5555555555555556,
              "#d8576b"
             ],
             [
              0.6666666666666666,
              "#ed7953"
             ],
             [
              0.7777777777777778,
              "#fb9f3a"
             ],
             [
              0.8888888888888888,
              "#fdca26"
             ],
             [
              1,
              "#f0f921"
             ]
            ],
            "type": "histogram2d"
           }
          ],
          "histogram2dcontour": [
           {
            "colorbar": {
             "outlinewidth": 0,
             "ticks": ""
            },
            "colorscale": [
             [
              0,
              "#0d0887"
             ],
             [
              0.1111111111111111,
              "#46039f"
             ],
             [
              0.2222222222222222,
              "#7201a8"
             ],
             [
              0.3333333333333333,
              "#9c179e"
             ],
             [
              0.4444444444444444,
              "#bd3786"
             ],
             [
              0.5555555555555556,
              "#d8576b"
             ],
             [
              0.6666666666666666,
              "#ed7953"
             ],
             [
              0.7777777777777778,
              "#fb9f3a"
             ],
             [
              0.8888888888888888,
              "#fdca26"
             ],
             [
              1,
              "#f0f921"
             ]
            ],
            "type": "histogram2dcontour"
           }
          ],
          "mesh3d": [
           {
            "colorbar": {
             "outlinewidth": 0,
             "ticks": ""
            },
            "type": "mesh3d"
           }
          ],
          "parcoords": [
           {
            "line": {
             "colorbar": {
              "outlinewidth": 0,
              "ticks": ""
             }
            },
            "type": "parcoords"
           }
          ],
          "pie": [
           {
            "automargin": true,
            "type": "pie"
           }
          ],
          "scatter": [
           {
            "fillpattern": {
             "fillmode": "overlay",
             "size": 10,
             "solidity": 0.2
            },
            "type": "scatter"
           }
          ],
          "scatter3d": [
           {
            "line": {
             "colorbar": {
              "outlinewidth": 0,
              "ticks": ""
             }
            },
            "marker": {
             "colorbar": {
              "outlinewidth": 0,
              "ticks": ""
             }
            },
            "type": "scatter3d"
           }
          ],
          "scattercarpet": [
           {
            "marker": {
             "colorbar": {
              "outlinewidth": 0,
              "ticks": ""
             }
            },
            "type": "scattercarpet"
           }
          ],
          "scattergeo": [
           {
            "marker": {
             "colorbar": {
              "outlinewidth": 0,
              "ticks": ""
             }
            },
            "type": "scattergeo"
           }
          ],
          "scattergl": [
           {
            "marker": {
             "colorbar": {
              "outlinewidth": 0,
              "ticks": ""
             }
            },
            "type": "scattergl"
           }
          ],
          "scattermapbox": [
           {
            "marker": {
             "colorbar": {
              "outlinewidth": 0,
              "ticks": ""
             }
            },
            "type": "scattermapbox"
           }
          ],
          "scatterpolar": [
           {
            "marker": {
             "colorbar": {
              "outlinewidth": 0,
              "ticks": ""
             }
            },
            "type": "scatterpolar"
           }
          ],
          "scatterpolargl": [
           {
            "marker": {
             "colorbar": {
              "outlinewidth": 0,
              "ticks": ""
             }
            },
            "type": "scatterpolargl"
           }
          ],
          "scatterternary": [
           {
            "marker": {
             "colorbar": {
              "outlinewidth": 0,
              "ticks": ""
             }
            },
            "type": "scatterternary"
           }
          ],
          "surface": [
           {
            "colorbar": {
             "outlinewidth": 0,
             "ticks": ""
            },
            "colorscale": [
             [
              0,
              "#0d0887"
             ],
             [
              0.1111111111111111,
              "#46039f"
             ],
             [
              0.2222222222222222,
              "#7201a8"
             ],
             [
              0.3333333333333333,
              "#9c179e"
             ],
             [
              0.4444444444444444,
              "#bd3786"
             ],
             [
              0.5555555555555556,
              "#d8576b"
             ],
             [
              0.6666666666666666,
              "#ed7953"
             ],
             [
              0.7777777777777778,
              "#fb9f3a"
             ],
             [
              0.8888888888888888,
              "#fdca26"
             ],
             [
              1,
              "#f0f921"
             ]
            ],
            "type": "surface"
           }
          ],
          "table": [
           {
            "cells": {
             "fill": {
              "color": "#EBF0F8"
             },
             "line": {
              "color": "white"
             }
            },
            "header": {
             "fill": {
              "color": "#C8D4E3"
             },
             "line": {
              "color": "white"
             }
            },
            "type": "table"
           }
          ]
         },
         "layout": {
          "annotationdefaults": {
           "arrowcolor": "#2a3f5f",
           "arrowhead": 0,
           "arrowwidth": 1
          },
          "autotypenumbers": "strict",
          "coloraxis": {
           "colorbar": {
            "outlinewidth": 0,
            "ticks": ""
           }
          },
          "colorscale": {
           "diverging": [
            [
             0,
             "#8e0152"
            ],
            [
             0.1,
             "#c51b7d"
            ],
            [
             0.2,
             "#de77ae"
            ],
            [
             0.3,
             "#f1b6da"
            ],
            [
             0.4,
             "#fde0ef"
            ],
            [
             0.5,
             "#f7f7f7"
            ],
            [
             0.6,
             "#e6f5d0"
            ],
            [
             0.7,
             "#b8e186"
            ],
            [
             0.8,
             "#7fbc41"
            ],
            [
             0.9,
             "#4d9221"
            ],
            [
             1,
             "#276419"
            ]
           ],
           "sequential": [
            [
             0,
             "#0d0887"
            ],
            [
             0.1111111111111111,
             "#46039f"
            ],
            [
             0.2222222222222222,
             "#7201a8"
            ],
            [
             0.3333333333333333,
             "#9c179e"
            ],
            [
             0.4444444444444444,
             "#bd3786"
            ],
            [
             0.5555555555555556,
             "#d8576b"
            ],
            [
             0.6666666666666666,
             "#ed7953"
            ],
            [
             0.7777777777777778,
             "#fb9f3a"
            ],
            [
             0.8888888888888888,
             "#fdca26"
            ],
            [
             1,
             "#f0f921"
            ]
           ],
           "sequentialminus": [
            [
             0,
             "#0d0887"
            ],
            [
             0.1111111111111111,
             "#46039f"
            ],
            [
             0.2222222222222222,
             "#7201a8"
            ],
            [
             0.3333333333333333,
             "#9c179e"
            ],
            [
             0.4444444444444444,
             "#bd3786"
            ],
            [
             0.5555555555555556,
             "#d8576b"
            ],
            [
             0.6666666666666666,
             "#ed7953"
            ],
            [
             0.7777777777777778,
             "#fb9f3a"
            ],
            [
             0.8888888888888888,
             "#fdca26"
            ],
            [
             1,
             "#f0f921"
            ]
           ]
          },
          "colorway": [
           "#636efa",
           "#EF553B",
           "#00cc96",
           "#ab63fa",
           "#FFA15A",
           "#19d3f3",
           "#FF6692",
           "#B6E880",
           "#FF97FF",
           "#FECB52"
          ],
          "font": {
           "color": "#2a3f5f"
          },
          "geo": {
           "bgcolor": "white",
           "lakecolor": "white",
           "landcolor": "#E5ECF6",
           "showlakes": true,
           "showland": true,
           "subunitcolor": "white"
          },
          "hoverlabel": {
           "align": "left"
          },
          "hovermode": "closest",
          "mapbox": {
           "style": "light"
          },
          "paper_bgcolor": "white",
          "plot_bgcolor": "#E5ECF6",
          "polar": {
           "angularaxis": {
            "gridcolor": "white",
            "linecolor": "white",
            "ticks": ""
           },
           "bgcolor": "#E5ECF6",
           "radialaxis": {
            "gridcolor": "white",
            "linecolor": "white",
            "ticks": ""
           }
          },
          "scene": {
           "xaxis": {
            "backgroundcolor": "#E5ECF6",
            "gridcolor": "white",
            "gridwidth": 2,
            "linecolor": "white",
            "showbackground": true,
            "ticks": "",
            "zerolinecolor": "white"
           },
           "yaxis": {
            "backgroundcolor": "#E5ECF6",
            "gridcolor": "white",
            "gridwidth": 2,
            "linecolor": "white",
            "showbackground": true,
            "ticks": "",
            "zerolinecolor": "white"
           },
           "zaxis": {
            "backgroundcolor": "#E5ECF6",
            "gridcolor": "white",
            "gridwidth": 2,
            "linecolor": "white",
            "showbackground": true,
            "ticks": "",
            "zerolinecolor": "white"
           }
          },
          "shapedefaults": {
           "line": {
            "color": "#2a3f5f"
           }
          },
          "ternary": {
           "aaxis": {
            "gridcolor": "white",
            "linecolor": "white",
            "ticks": ""
           },
           "baxis": {
            "gridcolor": "white",
            "linecolor": "white",
            "ticks": ""
           },
           "bgcolor": "#E5ECF6",
           "caxis": {
            "gridcolor": "white",
            "linecolor": "white",
            "ticks": ""
           }
          },
          "title": {
           "x": 0.05
          },
          "xaxis": {
           "automargin": true,
           "gridcolor": "white",
           "linecolor": "white",
           "ticks": "",
           "title": {
            "standoff": 15
           },
           "zerolinecolor": "white",
           "zerolinewidth": 2
          },
          "yaxis": {
           "automargin": true,
           "gridcolor": "white",
           "linecolor": "white",
           "ticks": "",
           "title": {
            "standoff": 15
           },
           "zerolinecolor": "white",
           "zerolinewidth": 2
          }
         }
        },
        "xaxis": {
         "anchor": "y",
         "constrain": "domain",
         "domain": [
          0,
          1
         ],
         "scaleanchor": "y"
        },
        "yaxis": {
         "anchor": "x",
         "autorange": "reversed",
         "constrain": "domain",
         "domain": [
          0,
          1
         ]
        }
       }
      }
     },
     "metadata": {},
     "output_type": "display_data"
    },
    {
     "data": {
      "text/plain": [
       "financial_active               0.037885\n",
       "promotion_flag                 0.022438\n",
       "active_12_mths                 0.021350\n",
       "bank_fico_buckets_20           0.042081\n",
       "mob                           -0.012223\n",
       "stmt_balance                  -0.019706\n",
       "prev_balance                   0.046843\n",
       "net_payments                  -0.011095\n",
       "purchase_active               -0.024452\n",
       "credit_limit_amt              -0.056492\n",
       "credit_limit_pa               -0.017816\n",
       "charge_off                     1.000000\n",
       "principal_amt                 -0.018662\n",
       "non_principal_amount_gross    -0.011016\n",
       "non_principal_amount_net      -0.011177\n",
       "non_principal_amount_stmt     -0.010967\n",
       "promo_bal_amt                 -0.015102\n",
       "industry                      -0.012398\n",
       "time                           0.002939\n",
       "net_payment_behaviour_tripd    0.057570\n",
       "Name: charge_off, dtype: float64"
      ]
     },
     "execution_count": 39,
     "metadata": {},
     "output_type": "execute_result"
    }
   ],
   "source": [
    "training_correlation = data.corr()\n",
    "fig = px.imshow(training_correlation, text_auto=True)\n",
    "fig.show()\n",
    "training_correlation[\"charge_off\"]"
   ]
  },
  {
   "cell_type": "code",
   "execution_count": 41,
   "metadata": {},
   "outputs": [
    {
     "data": {
      "text/html": [
       "<div>\n",
       "<style scoped>\n",
       "    .dataframe tbody tr th:only-of-type {\n",
       "        vertical-align: middle;\n",
       "    }\n",
       "\n",
       "    .dataframe tbody tr th {\n",
       "        vertical-align: top;\n",
       "    }\n",
       "\n",
       "    .dataframe thead th {\n",
       "        text-align: right;\n",
       "    }\n",
       "</style>\n",
       "<table border=\"1\" class=\"dataframe\">\n",
       "  <tbody>\n",
       "    <tr>\n",
       "      <th>model</th>\n",
       "      <td>lifelines.CoxPHFitter</td>\n",
       "    </tr>\n",
       "    <tr>\n",
       "      <th>duration col</th>\n",
       "      <td>'time'</td>\n",
       "    </tr>\n",
       "    <tr>\n",
       "      <th>event col</th>\n",
       "      <td>'charge_off'</td>\n",
       "    </tr>\n",
       "    <tr>\n",
       "      <th>penalizer</th>\n",
       "      <td>0.1</td>\n",
       "    </tr>\n",
       "    <tr>\n",
       "      <th>l1 ratio</th>\n",
       "      <td>0.0</td>\n",
       "    </tr>\n",
       "    <tr>\n",
       "      <th>baseline estimation</th>\n",
       "      <td>breslow</td>\n",
       "    </tr>\n",
       "    <tr>\n",
       "      <th>number of observations</th>\n",
       "      <td>5.75822e+06</td>\n",
       "    </tr>\n",
       "    <tr>\n",
       "      <th>number of events observed</th>\n",
       "      <td>15698</td>\n",
       "    </tr>\n",
       "    <tr>\n",
       "      <th>partial log-likelihood</th>\n",
       "      <td>-228369.40</td>\n",
       "    </tr>\n",
       "    <tr>\n",
       "      <th>time fit was run</th>\n",
       "      <td>2023-03-26 02:13:35 UTC</td>\n",
       "    </tr>\n",
       "  </tbody>\n",
       "</table>\n",
       "</div><table border=\"1\" class=\"dataframe\">\n",
       "  <thead>\n",
       "    <tr style=\"text-align: right;\">\n",
       "      <th style=\"min-width: 12px;\"></th>\n",
